F0001.png 5.916666667 1.809796209 0.020833333 0 0.041666667 0.1875 0.229166667 0.145833333 0.208333333 0.041666667 0.041666667 0.083333333
F0002.png 4.958333333 1.731527766 0.020833333 0.041666667 0.125 0.291666667 0.166666667 0.145833333 0.104166667 0.083333333 0 0.020833333
F0003.png 5.4375 1.461926216 0 0.020833333 0.104166667 0.166666667 0.1875 0.270833333 0.166666667 0.0625 0.020833333 0
F0004.png 4.4375 1.617247393 0.041666667 0.020833333 0.208333333 0.375 0.145833333 0.083333333 0.041666667 0.041666667 0.041666667 0
F0005.png 6.958333333 1.517411029 0 0 0.0625 0.041666667 0.0625 0.1875 0.229166667 0.208333333 0.1875 0.020833333
F0006.png 4.0625 1.623954513 0.083333333 0.125 0.125 0.270833333 0.166666667 0.166666667 0.0625 0 0 0
F0007.png 5.729166667 1.414053429 0 0.0625 0.020833333 0.041666667 0.354166667 0.25 0.145833333 0.0625 0.041666667 0.020833333
F0010.png 3.958333333 1.458980188 0.041666667 0.166666667 0.145833333 0.333333333 0.125 0.145833333 0.020833333 0.020833333 0 0
F0012.png 5.041666667 1.73779387 0.041666667 0.041666667 0.104166667 0.229166667 0.25 0.083333333 0.125 0.0625 0.0625 0
F0014.png 4.3125 1.389498658 0 0.125 0.25 0.125 0.333333333 0.0625 0.0625 0.041666667 0 0
F0018.png 6.145833333 1.741308645 0 0.020833333 0.041666667 0.125 0.145833333 0.291666667 0.166666667 0.083333333 0.083333333 0.041666667
F0019.png 5.583333333 1.665941871 0.020833333 0.041666667 0.104166667 0.125 0.104166667 0.25 0.208333333 0.125 0.020833333 0
F0020.png 4.4375 1.929814702 0.0625 0.145833333 0.125 0.145833333 0.270833333 0.0625 0.125 0.041666667 0.020833333 0
F0022.png 6.0625 1.83748706 0 0 0.041666667 0.1875 0.229166667 0.1875 0.125 0.041666667 0.166666667 0.020833333
F0023.png 4.916666667 1.736229465 0.041666667 0.020833333 0.208333333 0.125 0.25 0.166666667 0.083333333 0.0625 0.041666667 0
F0024.png 6.520833333 1.759935564 0.020833333 0.020833333 0.041666667 0.020833333 0.145833333 0.229166667 0.25 0.0625 0.1875 0.020833333
F0026.png 5.541666667 1.921936674 0.020833333 0.0625 0.041666667 0.208333333 0.1875 0.125 0.166666667 0.125 0.041666667 0.020833333
F0028.png 5.8125 1.852216651 0.020833333 0.041666667 0.104166667 0.083333333 0.166666667 0.166666667 0.229166667 0.083333333 0.083333333 0.020833333
F0029.png 4 1.769303474 0.083333333 0.083333333 0.291666667 0.166666667 0.125 0.208333333 0 0.041666667 0 0
F0030.png 5.916666667 2.165272684 0.041666667 0 0.083333333 0.083333333 0.25 0.166666667 0.125 0.166666667 0 0.083333333
F0031.png 4.541666667 1.817288153 0.083333333 0.041666667 0.125 0.25 0.166666667 0.208333333 0.083333333 0.041666667 0 0
F0033.png 4.583333333 1.585715218 0.041666667 0.083333333 0.083333333 0.25 0.208333333 0.25 0.083333333 0 0 0
F0035.png 4.333333333 1.809796209 0 0.208333333 0.083333333 0.25 0.291666667 0.083333333 0 0.041666667 0.041666667 0
F0037.png 3.75 2.005427418 0.083333333 0.25 0.125 0.291666667 0.083333333 0.041666667 0.083333333 0 0.041666667 0
F0039.png 4.958333333 1.805286119 0.041666667 0 0.166666667 0.208333333 0.25 0.125 0.083333333 0.125 0 0
F0046.png 4.541666667 1.559798389 0 0.125 0.125 0.208333333 0.291666667 0.166666667 0.041666667 0.041666667 0 0
F0049.png 4.25 2.026991774 0.083333333 0.083333333 0.291666667 0.125 0.125 0.083333333 0.166666667 0.041666667 0 0
F0050.png 5.375 1.739877557 0 0.041666667 0.083333333 0.208333333 0.208333333 0.208333333 0.125 0.083333333 0.041666667 0
F0052.png 5.875 1.848912724 0 0 0.125 0.125 0.166666667 0.25 0.083333333 0.166666667 0.083333333 0
F0054.png 4.25 1.77543626 0.083333333 0.041666667 0.166666667 0.333333333 0.208333333 0 0.125 0.041666667 0 0
F0055.png 5.708333333 1.899179838 0.041666667 0 0.125 0.083333333 0.125 0.208333333 0.25 0.166666667 0 0
F0059.png 4.083333333 1.791687732 0.125 0.041666667 0.125 0.375 0.125 0.125 0.041666667 0.041666667 0 0
F0063.png 5.291666667 1.921936674 0 0.083333333 0.083333333 0.208333333 0.166666667 0.208333333 0.083333333 0.125 0.041666667 0
F0064.png 3.583333333 1.282547284 0.041666667 0.166666667 0.291666667 0.208333333 0.25 0.041666667 0 0 0 0
F0065.png 4.875 2.251810865 0.083333333 0.125 0.083333333 0.083333333 0.208333333 0.166666667 0.083333333 0.166666667 0 0
F0072.png 3.354166667 1.470574915 0.125 0.229166667 0.166666667 0.208333333 0.229166667 0.020833333 0 0.020833333 0 0
F0074.png 5.4375 1.689561945 0.020833333 0.0625 0.020833333 0.208333333 0.145833333 0.3125 0.145833333 0.020833333 0.020833333 0.041666667
F0080.png 4 1.628549635 0.083333333 0.145833333 0.1875 0.1875 0.166666667 0.145833333 0.0625 0.020833333 0 0
F0082.png 3.541666667 1.661041231 0.166666667 0.125 0.25 0.104166667 0.1875 0.145833333 0.020833333 0 0 0
F0090.png 4 1.628549635 0.125 0.041666667 0.208333333 0.229166667 0.166666667 0.1875 0.041666667 0 0 0
F0096.png 4.645833333 1.790549871 0.041666667 0.083333333 0.166666667 0.1875 0.166666667 0.208333333 0.083333333 0.041666667 0.020833333 0
F0097.png 4.645833333 1.913789586 0.083333333 0.0625 0.166666667 0.166666667 0.104166667 0.270833333 0.083333333 0.041666667 0 0.020833333
F0101.png 4.833333333 1.364668033 0 0.083333333 0.0625 0.3125 0.208333333 0.166666667 0.145833333 0.020833333 0 0
F0106.png 5.5 1.224744871 0 0.041666667 0.041666667 0.125 0.229166667 0.333333333 0.1875 0.041666667 0 0
F0112.png 4.604166667 1.48162049 0.020833333 0.0625 0.208333333 0.208333333 0.145833333 0.229166667 0.104166667 0.020833333 0 0
F0113.png 4.270833333 1.539192099 0.041666667 0.104166667 0.166666667 0.291666667 0.145833333 0.145833333 0.083333333 0.020833333 0 0
F0114.png 4.479166667 1.2289901 0 0.104166667 0.145833333 0.25 0.229166667 0.229166667 0.020833333 0.020833333 0 0
F0115.png 5.229166667 1.648313807 0.041666667 0.020833333 0.041666667 0.229166667 0.208333333 0.25 0.125 0.0625 0.020833333 0
F0116.png 4.1875 1.258125763 0.041666667 0.083333333 0.125 0.395833333 0.1875 0.104166667 0.041666667 0.020833333 0 0
F0120.png 4.666666667 1.307725096 0.020833333 0.041666667 0.145833333 0.229166667 0.270833333 0.1875 0.104166667 0 0 0
F0124.png 6.416666667 1.665941871 0.020833333 0.0625 0.020833333 0.020833333 0.0625 0.229166667 0.3125 0.208333333 0.041666667 0.020833333
F0126.png 5.625 1.739877557 0 0.041666667 0.083333333 0.125 0.208333333 0.208333333 0.208333333 0.083333333 0.041666667 0
F0128.png 5.416666667 1.998187585 0.041666667 0.083333333 0.041666667 0.041666667 0.25 0.291666667 0.166666667 0.041666667 0 0.041666667
F0129.png 4.166666667 1.809796209 0.083333333 0.083333333 0.166666667 0.291666667 0.166666667 0.083333333 0.083333333 0.041666667 0 0
F0131.png 5 1.668115312 0 0 0.25 0.208333333 0.125 0.208333333 0.125 0.083333333 0 0
F0136.png 5.875 1.483606065 0 0 0 0.166666667 0.291666667 0.25 0.166666667 0.083333333 0 0.041666667
F0137.png 3.208333333 1.413572922 0.166666667 0.166666667 0.166666667 0.291666667 0.208333333 0 0 0 0 0
F0139.png 3.541666667 1.559798389 0.083333333 0.166666667 0.291666667 0.208333333 0.125 0.083333333 0.041666667 0 0 0
F0142.png 5.166666667 1.632993162 0 0.041666667 0.083333333 0.208333333 0.333333333 0.125 0.125 0.041666667 0.041666667 0
F0143.png 4.416666667 1.665941871 0 0.083333333 0.333333333 0.125 0.125 0.25 0.041666667 0.041666667 0 0
F0145.png 5.583333333 1.282547284 0 0 0.041666667 0.208333333 0.166666667 0.333333333 0.208333333 0.041666667 0 0
F0146.png 4.625 2.163180026 0.083333333 0.083333333 0.125 0.25 0.125 0.083333333 0.166666667 0.041666667 0.041666667 0
F0149.png 4.333333333 1.578845662 0.041666667 0.083333333 0.208333333 0.166666667 0.208333333 0.25 0.041666667 0 0 0
F0150.png 5.25 1.77543626 0 0.041666667 0.125 0.208333333 0.125 0.333333333 0.083333333 0 0.083333333 0
F0151.png 5.625 1.883855898 0 0.083333333 0 0.208333333 0.208333333 0.125 0.25 0.041666667 0.083333333 0
F0153.png 5.583333333 1.767254482 0.041666667 0 0.083333333 0.083333333 0.25 0.208333333 0.25 0.041666667 0.041666667 0
F0155.png 3.333333333 1.529895327 0.145833333 0.166666667 0.208333333 0.291666667 0.125 0.020833333 0.020833333 0.020833333 0 0
F0166.png 5.4375 1.416613383 0 0.0625 0.041666667 0.125 0.375 0.145833333 0.125 0.0625 0.0625 0
F0167.png 4.729166667 1.793582562 0.0625 0.125 0.0625 0.145833333 0.208333333 0.25 0.083333333 0.041666667 0.020833333 0
F0168.png 5.104166667 1.488938684 0.020833333 0.0625 0.041666667 0.166666667 0.354166667 0.208333333 0.0625 0.041666667 0.041666667 0
F0169.png 3.916666667 1.203858531 0.020833333 0.145833333 0.208333333 0.270833333 0.229166667 0.125 0 0 0 0
F0170.png 5.4375 1.056167189 0 0 0.020833333 0.208333333 0.333333333 0.270833333 0.104166667 0.041666667 0.020833333 0
F0172.png 4.25 1.628549635 0.041666667 0.208333333 0.041666667 0.270833333 0.166666667 0.166666667 0.083333333 0.020833333 0 0
F0173.png 4.75 1.113162358 0.020833333 0.020833333 0.083333333 0.291666667 0.333333333 0.208333333 0 0.020833333 0.020833333 0
F0174.png 6.708333333 1.524557432 0.020833333 0 0.020833333 0.041666667 0.0625 0.229166667 0.375 0.145833333 0.0625 0.041666667
F0176.png 4.1875 1.292221713 0.041666667 0.145833333 0.104166667 0.291666667 0.208333333 0.145833333 0.041666667 0.020833333 0 0
F0177.png 5.895833333 1.621721889 0 0.0625 0.020833333 0.104166667 0.208333333 0.25 0.166666667 0.125 0.041666667 0.020833333
F0178.png 4.854166667 1.463164874 0.020833333 0.041666667 0.25 0.0625 0.25 0.208333333 0.083333333 0.083333333 0 0
F0182.png 4.0625 1.924174018 0.166666667 0.083333333 0.1875 0.166666667 0.104166667 0.145833333 0.083333333 0.041666667 0.020833333 0
F0183.png 5.5 1.481773321 0 0.020833333 0.083333333 0.1875 0.208333333 0.229166667 0.166666667 0.0625 0.041666667 0
F0184.png 6.6875 1.435667547 0 0 0.041666667 0.083333333 0.125 0.104166667 0.270833333 0.291666667 0.083333333 0
F0186.png 3.5 1.302172098 0.104166667 0.125 0.3125 0.208333333 0.166666667 0.041666667 0.041666667 0 0 0
F0188.png 3.708333333 1.458980188 0.041666667 0.166666667 0.291666667 0.208333333 0.125 0.166666667 0 0 0 0
F0189.png 5.75 1.594828599 0 0 0 0.25 0.291666667 0.166666667 0.125 0.083333333 0.083333333 0
F0190.png 6.375 1.312564698 0 0 0 0.041666667 0.208333333 0.375 0.166666667 0.125 0.083333333 0
F0191.png 4.458333333 1.718927033 0 0.125 0.208333333 0.208333333 0.208333333 0.083333333 0.125 0.041666667 0 0
F0192.png 5.291666667 1.428869017 0 0 0.083333333 0.25 0.291666667 0.083333333 0.25 0.041666667 0 0
F0195.png 5.375 1.279011167 0 0 0.125 0.083333333 0.291666667 0.291666667 0.208333333 0 0 0
F0196.png 4.583333333 1.791687732 0.041666667 0 0.25 0.291666667 0.166666667 0.041666667 0.125 0.083333333 0 0
F0197.png 5.458333333 1.413572922 0 0 0.041666667 0.291666667 0.166666667 0.25 0.166666667 0.083333333 0 0
F0199.png 5.125 1.727337735 0 0.083333333 0.041666667 0.166666667 0.416666667 0.125 0.083333333 0 0.083333333 0
F0200.png 3.833333333 1.632993162 0.083333333 0.125 0.208333333 0.291666667 0.083333333 0.166666667 0.041666667 0 0 0
F0203.png 5.166666667 1.464557113 0 0.083333333 0.041666667 0.166666667 0.208333333 0.333333333 0.166666667 0 0 0
F0206.png 4.708333333 1.517411029 0 0.041666667 0.166666667 0.333333333 0.125 0.208333333 0.083333333 0.041666667 0 0
F0207.png 5.5 1.888178326 0.041666667 0.041666667 0.083333333 0.083333333 0.166666667 0.25 0.208333333 0.125 0 0
F0210.png 4.166666667 1.129319405 0.041666667 0 0.208333333 0.333333333 0.333333333 0.083333333 0 0 0 0
F0212.png 4.833333333 1.340560125 0 0.041666667 0.125 0.208333333 0.291666667 0.291666667 0 0.041666667 0 0
F0213.png 3.125 1.361345243 0.208333333 0.083333333 0.208333333 0.375 0.125 0 0 0 0 0
F0217.png 6.104166667 1.719322204 0.020833333 0.041666667 0.020833333 0.0625 0.145833333 0.333333333 0.166666667 0.104166667 0.083333333 0.020833333
F0219.png 5.1875 1.186999322 0 0.083333333 0.0625 0.083333333 0.3125 0.291666667 0.145833333 0.020833333 0 0
F0220.png 5.8125 1.523814578 0 0.020833333 0.041666667 0.145833333 0.229166667 0.25 0.104166667 0.1875 0.020833333 0
F0222.png 3.708333333 1.284664283 0.020833333 0.229166667 0.1875 0.25 0.229166667 0.0625 0.020833333 0 0 0
F0223.png 4.645833333 1.33903897 0.020833333 0.0625 0.125 0.229166667 0.270833333 0.208333333 0.0625 0.020833333 0 0
F0224.png 4.4375 1.329534897 0.020833333 0.0625 0.166666667 0.270833333 0.291666667 0.083333333 0.083333333 0.020833333 0 0
F0225.png 5.145833333 1.470574915 0.020833333 0.0625 0.0625 0.083333333 0.354166667 0.270833333 0.083333333 0.0625 0 0
F0226.png 4.145833333 1.604878207 0 0.145833333 0.229166667 0.3125 0.145833333 0.083333333 0.020833333 0.020833333 0.041666667 0
F0227.png 4.229166667 1.301998186 0.020833333 0.104166667 0.145833333 0.3125 0.270833333 0.083333333 0.041666667 0.020833333 0 0
F0229.png 6.041666667 1.667572218 0 0.083333333 0 0.125 0.104166667 0.229166667 0.229166667 0.208333333 0 0.020833333
F0233.png 5.5625 1.702380047 0.020833333 0 0.125 0.145833333 0.270833333 0.083333333 0.166666667 0.125 0.0625 0
F0234.png 5.354166667 1.402475813 0.020833333 0 0.041666667 0.208333333 0.333333333 0.1875 0.104166667 0.083333333 0.020833333 0
F0235.png 5.229166667 1.276707439 0 0.041666667 0.145833333 0.083333333 0.291666667 0.229166667 0.145833333 0.041666667 0.020833333 0
F0236.png 4.625 1.596531567 0.041666667 0.083333333 0.125 0.270833333 0.166666667 0.104166667 0.166666667 0.041666667 0 0
F0238.png 5 1.674618711 0.020833333 0.0625 0.0625 0.25 0.291666667 0.166666667 0.020833333 0.0625 0.0625 0
F0239.png 4.895833333 1.532113961 0.041666667 0.104166667 0.041666667 0.145833333 0.25 0.25 0.145833333 0.020833333 0 0
F0241.png 5.020833333 1.969766962 0.041666667 0.125 0.0625 0.125 0.166666667 0.291666667 0.083333333 0.0625 0.041666667 0
F0242.png 5.583333333 1.529895327 0 0.083333333 0.041666667 0.104166667 0.166666667 0.354166667 0.125 0.083333333 0.041666667 0
F0243.png 3.520833333 1.470574915 0.145833333 0.125 0.229166667 0.1875 0.229166667 0.041666667 0.041666667 0 0 0
F0244.png 4.958333333 1.921936674 0.041666667 0 0.166666667 0.208333333 0.291666667 0.083333333 0.125 0.041666667 0 0.041666667
F0246.png 4.25 1.823756277 0.083333333 0.083333333 0.166666667 0.208333333 0.25 0.083333333 0.083333333 0.041666667 0 0
F0248.png 4 1.641844138 0.083333333 0.041666667 0.25 0.291666667 0.208333333 0.041666667 0.041666667 0.041666667 0 0
F0251.png 4.875 1.752327645 0 0.083333333 0.208333333 0.166666667 0.083333333 0.208333333 0.25 0 0 0
F0252.png 5.75 1.621861518 0 0 0.166666667 0.041666667 0.125 0.375 0.125 0.166666667 0 0
F0254.png 5.208333333 1.667572218 0 0.083333333 0.083333333 0.166666667 0.166666667 0.25 0.208333333 0.041666667 0 0
F0255.png 4.75 1.621861518 0.041666667 0.041666667 0.041666667 0.333333333 0.291666667 0.125 0.041666667 0.083333333 0 0
F0256.png 5.208333333 2.063748524 0.041666667 0.083333333 0.125 0.083333333 0.125 0.25 0.208333333 0.041666667 0.041666667 0
F0257.png 3.833333333 1.711004451 0.083333333 0.166666667 0.208333333 0.083333333 0.375 0.041666667 0 0.041666667 0 0
F0258.png 5.625 1.345281609 0 0 0.041666667 0.125 0.25 0.458333333 0.083333333 0 0 0.041666667
F0262.png 5.166666667 1.551063216 0 0 0.166666667 0.208333333 0.208333333 0.208333333 0.125 0.083333333 0 0
F0263.png 5.25 1.91674543 0.041666667 0 0.208333333 0.041666667 0.208333333 0.291666667 0.083333333 0.083333333 0.041666667 0
F0265.png 4.75 1.539339215 0.041666667 0.041666667 0.041666667 0.333333333 0.208333333 0.25 0.041666667 0.041666667 0 0
F0266.png 4.291666667 1.36665783 0.041666667 0.083333333 0.041666667 0.416666667 0.25 0.125 0.041666667 0 0 0
F0270.png 5.25 2.151844507 0.041666667 0.083333333 0.125 0.083333333 0.125 0.25 0.208333333 0.041666667 0 0.041666667
F0271.png 6.5 1.744556752 0 0 0.041666667 0.083333333 0.166666667 0.208333333 0.208333333 0.166666667 0.083333333 0.041666667
F0272.png 5.125 1.62353613 0.041666667 0 0.083333333 0.208333333 0.25 0.25 0.083333333 0.083333333 0 0
F0273.png 4.833333333 1.685401943 0 0.083333333 0.208333333 0.125 0.166666667 0.208333333 0.208333333 0 0 0
M0003.png 5.145833333 1.71615829 0 0.0625 0.125 0.1875 0.229166667 0.1875 0.104166667 0.041666667 0.0625 0
M0004.png 4.5625 1.491370102 0.041666667 0.083333333 0.145833333 0.229166667 0.145833333 0.25 0.083333333 0 0.020833333 0
M0005.png 3.916666667 1.45711647 0.0625 0.125 0.291666667 0.145833333 0.208333333 0.104166667 0.020833333 0.041666667 0 0
M0006.png 4.270833333 1.48162049 0.020833333 0.104166667 0.25 0.1875 0.208333333 0.145833333 0.041666667 0.041666667 0 0
M0007.png 5 1.58113883 0 0.083333333 0.125 0.1875 0.208333333 0.208333333 0.083333333 0.104166667 0 0
M0008.png 4.229166667 1.206676776 0 0.083333333 0.270833333 0.25 0.1875 0.166666667 0.020833333 0.020833333 0 0
M0012.png 4.0625 1.643911692 0.041666667 0.166666667 0.1875 0.25 0.145833333 0.125 0.041666667 0.020833333 0.020833333 0
M0013.png 5.791666667 1.823259543 0 0.083333333 0.041666667 0.145833333 0.104166667 0.25 0.1875 0.104166667 0.083333333 0
M0015.png 5.229166667 1.712988532 0 0.083333333 0.125 0.166666667 0.1875 0.1875 0.083333333 0.125 0.041666667 0
M0016.png 4.541666667 1.573673815 0.041666667 0.083333333 0.145833333 0.208333333 0.229166667 0.1875 0.041666667 0.0625 0 0
M0017.png 4 1.38312815 0.020833333 0.166666667 0.229166667 0.145833333 0.291666667 0.104166667 0.041666667 0 0 0
M0020.png 5.4375 1.79560151 0 0.041666667 0.125 0.25 0.145833333 0.041666667 0.229166667 0.104166667 0.0625 0
M0022.png 3.666666667 1.501207244 0 0.270833333 0.25 0.229166667 0.145833333 0.020833333 0.0625 0.020833333 0 0
M0023.png 4.4375 1.683116287 0 0.166666667 0.229166667 0.125 0.166666667 0.125 0.166666667 0.020833333 0 0
M0024.png 3.5 1.375247013 0.104166667 0.145833333 0.25 0.25 0.1875 0.020833333 0.041666667 0 0 0
M0026.png 4.020833333 1.611636804 0.0625 0.166666667 0.145833333 0.25 0.145833333 0.166666667 0.041666667 0.020833333 0 0
M0027.png 3.854166667 1.709812898 0.083333333 0.1875 0.145833333 0.270833333 0.125 0.083333333 0.083333333 0.020833333 0 0
M0028.png 4.458333333 1.614584794 0.041666667 0.145833333 0.104166667 0.1875 0.270833333 0.083333333 0.125 0.041666667 0 0
M0029.png 4.833333333 1.632993162 0 0.083333333 0.083333333 0.333333333 0.125 0.25 0.041666667 0.083333333 0 0
M0030.png 4.666666667 1.903467469 0 0.125 0.208333333 0.166666667 0.208333333 0.041666667 0.166666667 0.083333333 0 0
M0031.png 5.291666667 1.601063958 0 0.041666667 0.166666667 0.041666667 0.25 0.25 0.208333333 0.041666667 0 0
M0034.png 4.291666667 1.805286119 0.041666667 0.166666667 0.125 0.208333333 0.166666667 0.208333333 0.041666667 0.041666667 0 0
M0035.png 2.791666667 1.215092291 0.125 0.375 0.166666667 0.25 0.083333333 0 0 0 0 0
M0037.png 3.791666667 1.887698545 0.083333333 0.125 0.375 0.125 0.083333333 0.083333333 0.083333333 0.041666667 0 0
M0038.png 5.25 1.799758438 0 0 0.125 0.375 0.125 0.041666667 0.208333333 0.083333333 0.041666667 0
M0039.png 3.875 1.752327645 0.083333333 0.125 0.25 0.25 0.041666667 0.166666667 0.083333333 0 0 0
M0041.png 3.083333333 1.471960144 0.166666667 0.25 0.166666667 0.166666667 0.25 0 0 0 0 0
M0042.png 4.791666667 1.910592138 0.041666667 0.083333333 0.125 0.125 0.333333333 0.125 0.083333333 0.041666667 0.041666667 0
M0043.png 5.375 2.242136016 0 0.125 0.125 0.125 0.083333333 0.25 0.125 0.083333333 0.041666667 0.041666667
M0045.png 4.125 1.650098811 0.041666667 0.208333333 0.083333333 0.125 0.416666667 0.041666667 0.083333333 0 0 0
M0052.png 4.666666667 1.403928236 0 0.041666667 0.166666667 0.291666667 0.208333333 0.166666667 0.125 0 0 0
M0053.png 5.083333333 1.717345441 0 0.041666667 0.125 0.208333333 0.291666667 0.166666667 0.041666667 0.083333333 0.041666667 0
M0059.png 3.458333333 1.718927033 0.125 0.166666667 0.25 0.25 0.083333333 0.083333333 0 0.041666667 0 0
M0062.png 3.666666667 1.833662685 0.166666667 0.083333333 0.25 0.166666667 0.166666667 0.083333333 0.083333333 0 0 0
M0065.png 4.333333333 2.119611668 0.125 0.041666667 0.25 0.125 0.125 0.166666667 0.083333333 0.083333333 0 0
M0067.png 4.458333333 1.84105751 0.041666667 0.125 0.208333333 0.083333333 0.208333333 0.166666667 0.166666667 0 0 0
M0070.png 4.458333333 1.994103627 0.125 0.125 0.083333333 0.104166667 0.125 0.270833333 0.166666667 0 0 0
M0075.png 3.5 1.668115312 0.125 0.1875 0.208333333 0.229166667 0.125 0.083333333 0 0.041666667 0 0
M0076.png 4.666666667 1.639635873 0.041666667 0.0625 0.208333333 0.208333333 0.104166667 0.166666667 0.166666667 0.020833333 0.020833333 0
M0078.png 3.895833333 1.580995605 0.0625 0.25 0.083333333 0.125 0.333333333 0.104166667 0.041666667 0 0 0
M0079.png 3.854166667 2.050870264 0.166666667 0.1875 0.083333333 0.1875 0.125 0.083333333 0.145833333 0.020833333 0 0
M0080.png 3.104166667 1.250905469 0.104166667 0.270833333 0.229166667 0.25 0.104166667 0.041666667 0 0 0 0
M0083.png 4.270833333 1.905251134 0.041666667 0.229166667 0.166666667 0.0625 0.1875 0.145833333 0.125 0.041666667 0 0
M0084.png 3.916666667 1.868891014 0.125 0.145833333 0.166666667 0.145833333 0.1875 0.125 0.104166667 0 0 0
M0086.png 3.645833333 1.425537021 0.083333333 0.1875 0.208333333 0.1875 0.208333333 0.104166667 0.020833333 0 0 0
M0088.png 3.166666667 1.639635873 0.166666667 0.25 0.229166667 0.145833333 0.083333333 0.083333333 0.020833333 0.020833333 0 0
M0091.png 4.416666667 1.779513042 0.041666667 0.104166667 0.229166667 0.145833333 0.166666667 0.1875 0.083333333 0.020833333 0.020833333 0
M0092.png 4.291666667 1.787131942 0.041666667 0.1875 0.1875 0.0625 0.1875 0.25 0.041666667 0.041666667 0 0
M0094.png 3.6875 1.647214381 0.083333333 0.270833333 0.125 0.145833333 0.208333333 0.104166667 0.0625 0 0 0
M0096.png 4.3125 1.718268213 0.0625 0.125 0.1875 0.166666667 0.208333333 0.104166667 0.083333333 0.041666667 0.020833333 0
M0099.png 3.291666667 1.301476308 0.104166667 0.1875 0.333333333 0.1875 0.0625 0.125 0 0 0 0
M0100.png 2.708333333 1.573673815 0.354166667 0.125 0.208333333 0.208333333 0.041666667 0.020833333 0.020833333 0.020833333 0 0
M0101.png 3.6875 1.325440862 0.041666667 0.1875 0.270833333 0.25 0.104166667 0.083333333 0.0625 0 0 0
M0104.png 4.0625 1.689561945 0.083333333 0.166666667 0.1875 0.125 0.166666667 0.1875 0.041666667 0.041666667 0 0
M0105.png 5.270833333 1.488938684 0 0.020833333 0.1875 0.145833333 0.166666667 0.166666667 0.25 0.0625 0 0
M0106.png 4.083333333 1.529895327 0.041666667 0.083333333 0.291666667 0.166666667 0.208333333 0.166666667 0.041666667 0 0 0
M0107.png 3.416666667 1.442120018 0.041666667 0.333333333 0.166666667 0.125 0.291666667 0.041666667 0 0 0 0
M0108.png 5.333333333 1.60614761 0 0.041666667 0.041666667 0.208333333 0.333333333 0.125 0.166666667 0.041666667 0.041666667 0
M0115.png 4.5 1.817786518 0.083333333 0.041666667 0.208333333 0.125 0.166666667 0.25 0.125 0 0 0
M0117.png 4.875 1.62353613 0.041666667 0 0.083333333 0.375 0.125 0.25 0.041666667 0.083333333 0 0
M0125.png 4.916666667 1.815792237 0 0.041666667 0.166666667 0.291666667 0.166666667 0.166666667 0.083333333 0 0.083333333 0
M0130.png 4.916666667 1.471960144 0 0.041666667 0.125 0.25 0.208333333 0.25 0.083333333 0.041666667 0 0
M0131.png 4.333333333 1.809796209 0 0.166666667 0.208333333 0.25 0.083333333 0.125 0.125 0.041666667 0 0
M0135.png 4.125 1.80126767 0.083333333 0.166666667 0.125 0.125 0.208333333 0.25 0.041666667 0 0 0
M0137.png 4.583333333 1.863065885 0.083333333 0.041666667 0.125 0.25 0.166666667 0.166666667 0.125 0.041666667 0 0
M0139.png 5 1.769303474 0.041666667 0.041666667 0.083333333 0.25 0.125 0.291666667 0.083333333 0.083333333 0 0
M0140.png 3.875 1.62353613 0.083333333 0.166666667 0.125 0.208333333 0.291666667 0.083333333 0.041666667 0 0 0
M0142.png 4.333333333 1.711004451 0.041666667 0.083333333 0.25 0.208333333 0.041666667 0.291666667 0.083333333 0 0 0
M0143.png 4.25 1.648451183 0.041666667 0.166666667 0.125 0.166666667 0.166666667 0.333333333 0 0 0 0
M0151.png 4.625 1.636871353 0.041666667 0.041666667 0.125 0.333333333 0.083333333 0.291666667 0.041666667 0.041666667 0 0
M0155.png 4.166666667 1.56501609 0.041666667 0.145833333 0.145833333 0.3125 0.125 0.104166667 0.104166667 0.020833333 0 0
M0160.png 3.354166667 1.280957239 0.0625 0.25 0.270833333 0.1875 0.166666667 0.041666667 0.020833333 0 0 0
M0163.png 3.5 1.343260148 0.145833333 0.083333333 0.208333333 0.375 0.104166667 0.041666667 0.041666667 0 0 0
M0165.png 5.604166667 1.546237837 0.041666667 0 0.041666667 0.083333333 0.333333333 0.208333333 0.166666667 0.104166667 0.020833333 0
M0166.png 3.9375 1.555582514 0.041666667 0.125 0.291666667 0.270833333 0.083333333 0.104166667 0.041666667 0.020833333 0.020833333 0
M0168.png 3.75 1.45213486 0.083333333 0.145833333 0.25 0.145833333 0.229166667 0.125 0.020833333 0 0 0
M0169.png 3.3125 1.325440862 0.083333333 0.25 0.229166667 0.25 0.104166667 0.0625 0.020833333 0 0 0
M0174.png 2.75 1.160959124 0.1875 0.25 0.291666667 0.1875 0.0625 0.020833333 0 0 0 0
M0175.png 5.395833333 1.876509055 0.041666667 0.041666667 0.125 0.041666667 0.25 0.166666667 0.229166667 0.0625 0.041666667 0
M0176.png 4.4375 1.520243831 0.020833333 0.104166667 0.145833333 0.291666667 0.145833333 0.208333333 0.041666667 0.041666667 0 0
M0177.png 2.916666667 1.60614761 0.270833333 0.1875 0.166666667 0.208333333 0.104166667 0.041666667 0 0.020833333 0 0
M0178.png 5.354166667 1.638392416 0.020833333 0.041666667 0.083333333 0.145833333 0.270833333 0.166666667 0.145833333 0.104166667 0 0.020833333
M0182.png 4.0625 1.262438117 0.020833333 0.104166667 0.229166667 0.333333333 0.145833333 0.083333333 0.083333333 0 0 0
M0184.png 5.229166667 1.197635049 0.020833333 0 0.166666667 0.104166667 0.270833333 0.208333333 0.145833333 0.083333333 0 0
M0186.png 3.020833333 1.088269135 0.083333333 0.25 0.375 0.1875 0.0625 0.041666667 0 0 0 0
M0187.png 3.916666667 1.522773975 0.0625 0.166666667 0.1875 0.229166667 0.145833333 0.145833333 0.0625 0 0 0
M0188.png 3.645833333 1.470574915 0.0625 0.166666667 0.291666667 0.229166667 0.145833333 0.041666667 0.041666667 0 0.020833333 0
M0190.png 4.583333333 1.691838893 0.041666667 0.083333333 0.125 0.208333333 0.208333333 0.25 0.041666667 0.041666667 0 0
M0192.png 4.833333333 1.632993162 0 0.041666667 0.208333333 0.208333333 0.208333333 0.125 0.166666667 0.041666667 0 0
M0194.png 4.5 1.668115312 0.041666667 0.125 0.083333333 0.208333333 0.208333333 0.25 0.083333333 0 0 0
M0198.png 4.041666667 1.899179838 0.125 0.041666667 0.25 0.208333333 0.166666667 0.083333333 0.083333333 0.041666667 0 0
M0200.png 5.125 1.483606065 0.041666667 0 0.083333333 0.125 0.333333333 0.291666667 0.083333333 0.041666667 0 0
M0201.png 5.25 1.799758438 0.041666667 0 0.125 0.166666667 0.125 0.416666667 0 0.083333333 0.041666667 0
M0202.png 4.291666667 1.39810949 0.041666667 0.041666667 0.166666667 0.25 0.416666667 0.041666667 0 0.041666667 0 0
M0203.png 3.25 1.567329493 0.125 0.25 0.25 0.083333333 0.208333333 0.083333333 0 0 0 0
M0204.png 5.333333333 1.88048714 0.041666667 0.041666667 0.083333333 0.083333333 0.291666667 0.208333333 0.083333333 0.166666667 0 0
M0205.png 5.083333333 1.791687732 0.041666667 0.041666667 0.041666667 0.291666667 0.166666667 0.166666667 0.166666667 0.083333333 0 0
M0206.png 4.25 1.621861518 0 0.125 0.25 0.25 0.166666667 0.041666667 0.166666667 0 0 0
M0207.png 4.083333333 1.815792237 0.083333333 0.125 0.125 0.291666667 0.208333333 0.041666667 0.083333333 0.041666667 0 0
M0210.png 3.708333333 1.654484464 0.083333333 0.125 0.291666667 0.25 0.083333333 0.083333333 0.083333333 0 0 0
M0211.png 4.75 1.725763851 0.041666667 0.041666667 0.166666667 0.208333333 0.125 0.291666667 0.083333333 0.041666667 0 0
M0212.png 3.125 1.423788577 0.125 0.208333333 0.333333333 0.166666667 0.083333333 0.083333333 0 0 0 0
M0216.png 4.416666667 1.639635873 0.041666667 0.083333333 0.083333333 0.416666667 0.125 0.083333333 0.166666667 0 0 0
M0220.png 5.416666667 2.019829237 0 0.125 0.041666667 0.166666667 0.208333333 0.083333333 0.166666667 0.208333333 0 0
M0222.png 5.770833333 1.8116721 0.020833333 0.0625 0.020833333 0.104166667 0.208333333 0.229166667 0.166666667 0.145833333 0.020833333 0.020833333
M0224.png 4.208333333 1.545798419 0 0.145833333 0.25 0.208333333 0.229166667 0.0625 0.020833333 0.083333333 0 0
M0225.png 4 1.45213486 0.041666667 0.125 0.25 0.208333333 0.208333333 0.083333333 0.083333333 0 0 0
M0226.png 5.125 1.461461448 0.020833333 0 0.229166667 0.083333333 0.208333333 0.25 0.125 0.083333333 0 0
M0227.png 3.145833333 1.037127792 0.0625 0.270833333 0.3125 0.1875 0.145833333 0.020833333 0 0 0 0
M0228.png 4.354166667 1.36317378 0.020833333 0.104166667 0.166666667 0.229166667 0.291666667 0.083333333 0.083333333 0.020833333 0 0
M0229.png 4.104166667 1.132323186 0 0.145833333 0.166666667 0.270833333 0.3125 0.0625 0.041666667 0 0 0
M0230.png 4.916666667 1.729957694 0.0625 0.041666667 0.125 0.166666667 0.208333333 0.1875 0.125 0.0625 0.020833333 0
M0235.png 3.854166667 1.36317378 0.083333333 0.104166667 0.25 0.229166667 0.1875 0.083333333 0.041666667 0.020833333 0 0
M0236.png 3.708333333 1.601063958 0.041666667 0.166666667 0.354166667 0.208333333 0.104166667 0 0.083333333 0.041666667 0 0
M0237.png 4.375 1.701980943 0.020833333 0.208333333 0.083333333 0.1875 0.291666667 0.0625 0.083333333 0.041666667 0.020833333 0
M0240.png 3.833333333 1.754910295 0.041666667 0.25 0.229166667 0.1875 0.104166667 0.0625 0.083333333 0.020833333 0 0.020833333
M0242.png 3.854166667 1.440706097 0.0625 0.145833333 0.229166667 0.1875 0.1875 0.1875 0 0 0 0
M0244.png 3.020833333 1.417891627 0.145833333 0.3125 0.1875 0.166666667 0.104166667 0.083333333 0 0 0 0
M0248.png 4.166666667 1.515619164 0.020833333 0.208333333 0.125 0.1875 0.25 0.125 0.0625 0.020833333 0 0
M0251.png 4.375 1.689159812 0 0.125 0.333333333 0 0.25 0.166666667 0.125 0 0 0
M0252.png 4.958333333 2.031901373 0 0.166666667 0.041666667 0.166666667 0.291666667 0.166666667 0.041666667 0.083333333 0 0.041666667
M0253.png 4.541666667 1.64129235 0.041666667 0.083333333 0.125 0.208333333 0.25 0.166666667 0.125 0 0 0
M0255.png 5.416666667 1.863065885 0 0.041666667 0.125 0.166666667 0.208333333 0.166666667 0.125 0.125 0.041666667 0
M0256.png 4.708333333 1.654484464 0 0.125 0.041666667 0.333333333 0.166666667 0.25 0.041666667 0 0.041666667 0
M0257.png 3.583333333 1.767254482 0.125 0.25 0.041666667 0.291666667 0.125 0.125 0.041666667 0 0 0
M0258.png 4.583333333 1.742478661 0.041666667 0.083333333 0.125 0.208333333 0.291666667 0.083333333 0.125 0.041666667 0 0
M0260.png 3.25 1.390964632 0.125 0.208333333 0.166666667 0.333333333 0.125 0.041666667 0 0 0 0
M0266.png 3.625 1.408437309 0.041666667 0.125 0.333333333 0.291666667 0.166666667 0 0 0.041666667 0 0
M0270.png 3.916666667 1.380506103 0 0.208333333 0.166666667 0.291666667 0.166666667 0.166666667 0 0 0 0
M0273.png 3.875 1.825245665 0.166666667 0.083333333 0.125 0.208333333 0.208333333 0.166666667 0.041666667 0 0 0
M0274.png 3.666666667 1.090140265 0 0.125 0.375 0.25 0.208333333 0.041666667 0 0 0 0
M0275.png 5 2.043015674 0.041666667 0.125 0.083333333 0.041666667 0.333333333 0.125 0.166666667 0.041666667 0.041666667 0
M0276.png 5.041666667 1.781039429 0.041666667 0 0.166666667 0.125 0.291666667 0.208333333 0.083333333 0.041666667 0.041666667 0
M0278.png 3.75 1.621861518 0.041666667 0.208333333 0.25 0.208333333 0.083333333 0.166666667 0.041666667 0 0 0
M0279.png 4.291666667 1.458980188 0 0.041666667 0.291666667 0.333333333 0.125 0.125 0.041666667 0.041666667 0 0